57 97 41
1 2
2 3
3 4
4 5
5 6
6 7
8 9
9 10
10 11
11 12
12 13
13 14
15 16
16 17
17 18
18 19
19 20
20 21
22 23
23 24
24 25
25 26
26 27
27 28
29 30
30 31
31 32
32 33
33 34
34 35
36 37
37 38
38 39
39 40
40 41
41 42
43 44
44 45
45 46
46 47
47 48
48 49
50 51
51 52
52 53
53 54
54 55
55 56
1 8
8 15
15 22
22 29
29 36
36 43
43 50
2 9
9 16
16 23
23 30
30 37
37 44
44 51
3 10
10 17
17 24
24 31
31 38
38 45
45 52
4 11
11 18
18 25
25 32
32 39
39 46
46 53
5 12
12 19
19 26
26 33
33 40
40 47
47 54
6 13
13 20
20 27
27 34
34 41
41 48
48 55
7 14
14 21
21 28
28 35
35 42
42 49
49 56
1 57
